{"cells":[{"cell_type":"code","execution_count":1,"metadata":{"id":"KfXEpnLYJ8Vk","executionInfo":{"status":"ok","timestamp":1680135165449,"user_tz":180,"elapsed":5,"user":{"displayName":"Allan Carlos Figueiredo Echeverria","userId":"00748726238866349396"}}},"outputs":[],"source":["import numpy as np"]},{"cell_type":"markdown","metadata":{"id":"46NHaW1DSX0j"},"source":["# Eixo arbritário\n","Cria e normaliza o vetor referente ao eixo de rotação, calcula os ângulos de referência e cria as matrizes de rotação direta e inversa."]},{"cell_type":"code","execution_count":2,"metadata":{"colab":{"base_uri":"https://localhost:8080/"},"executionInfo":{"elapsed":559735,"status":"ok","timestamp":1680135725179,"user":{"displayName":"Allan Carlos Figueiredo Echeverria","userId":"00748726238866349396"},"user_tz":180},"id":"WDKxtIFVJ8Vm","outputId":"6e1e6662-155d-43ff-9d01-c7b7ea15fa55"},"outputs":[{"output_type":"stream","name":"stdout","text":["Digite o valor de x para o eixo arbitrário: 1\n","Digite o valor de y para o eixo arbitrário: 1\n","Digite o valor de z para o eixo arbitrário: 1\n","[0.57735027 0.57735027 0.57735027]\n"]}],"source":["# Pergunta as coordenadas do vetor de rotação\n","x = float(input(\"Digite o valor de x para o eixo arbitrário: \"))\n","y = float(input(\"Digite o valor de y para o eixo arbitrário: \"))\n","z = float(input(\"Digite o valor de z para o eixo arbitrário: \"))\n","\n","# Cria o vetor de rotação\n","v = np.array([x, y, z])\n","\n","# Normaliza o vetor de rotação\n","v = v / np.linalg.norm(v)\n","\n","print(v)"]},{"cell_type":"code","execution_count":3,"metadata":{"id":"9x5mJMrRSX0k","outputId":"a417c3fc-0b94-4d3f-f6a0-e03d8683210f","colab":{"base_uri":"https://localhost:8080/"},"executionInfo":{"status":"ok","timestamp":1680135725180,"user_tz":180,"elapsed":9,"user":{"displayName":"Allan Carlos Figueiredo Echeverria","userId":"00748726238866349396"}}},"outputs":[{"output_type":"stream","name":"stdout","text":["Alpha:  0.7853981633974484\n","Beta:  0.9553166181245092\n"]}],"source":["# Alpha = arcsin(y/raiz de x^2 + y^2)\n","alpha = np.arcsin(v[1] / np.sqrt(v[0]**2 + v[1]**2))\n","\n","# Beta = arccos(z)\n","beta = np.arccos(v[2])\n","\n","# Print dos ângulos\n","print(\"Alpha: \", alpha)\n","print(\"Beta: \", beta)"]},{"cell_type":"code","execution_count":4,"metadata":{"id":"JFX52WyISX0l","outputId":"567392a5-d4a1-4ca0-97b1-4810d7f685af","colab":{"base_uri":"https://localhost:8080/"},"executionInfo":{"status":"ok","timestamp":1680135725180,"user_tz":180,"elapsed":6,"user":{"displayName":"Allan Carlos Figueiredo Echeverria","userId":"00748726238866349396"}}},"outputs":[{"output_type":"stream","name":"stdout","text":["R1_0:  [[ 0.40824829 -0.70710678  0.57735027]\n"," [ 0.40824829  0.70710678  0.57735027]\n"," [-0.81649658  0.          0.57735027]]\n","R0_1:  [[ 0.40824829  0.40824829 -0.81649658]\n"," [-0.70710678  0.70710678 -0.        ]\n"," [ 0.57735027  0.57735027  0.57735027]]\n"]}],"source":["# Cria a matriz de rotação Z (alpha)\n","Rz = np.array([[np.cos(alpha), -np.sin(alpha), 0],\n","                [np.sin(alpha), np.cos(alpha), 0],\n","                [0, 0, 1]])\n","\n","# Cria a matriz de rotação Y (beta)\n","Ry = np.array([[np.cos(beta), 0, np.sin(beta)],\n","                [0, 1, 0],\n","                [-np.sin(beta), 0, np.cos(beta)]])\n","\n","# Cria a matriz de rotação final\n","R1_0 = np.dot(Rz, Ry)\n","\n","# Cria a matriz de rotação final inversa\n","R0_1 = np.linalg.inv(R1_0)\n","\n","# Print das matrizes\n","print(\"R1_0: \", R1_0)\n","print(\"R0_1: \", R0_1)"]},{"cell_type":"markdown","metadata":{"id":"8sKE--ynSX0l"},"source":["# Define a rotação\n","Pergunta ao usuário a rotação em volta do eixo arbritário e define a matriz de rotação final"]},{"cell_type":"code","execution_count":5,"metadata":{"id":"DLsyz33WSX0m","outputId":"38a99721-ad80-48d6-a706-567563a868ef","colab":{"base_uri":"https://localhost:8080/"},"executionInfo":{"status":"ok","timestamp":1680135735318,"user_tz":180,"elapsed":10143,"user":{"displayName":"Allan Carlos Figueiredo Echeverria","userId":"00748726238866349396"}}},"outputs":[{"output_type":"stream","name":"stdout","text":["Digite o valor de theta: 90\n","Rk_theta:  [[ 0.33333333 -0.24401694  0.9106836 ]\n"," [ 0.9106836   0.33333333 -0.24401694]\n"," [-0.24401694  0.9106836   0.33333333]]\n"]}],"source":["theta = float(input(\"Digite o valor de theta: \"))\n","\n","# Transforma o ângulo em radianos\n","theta = np.deg2rad(theta)\n","\n","# Cria a matriz de rotação Z (theta)\n","Rz = np.array([[np.cos(theta), -np.sin(theta), 0],\n","                [np.sin(theta), np.cos(theta), 0],\n","                [0, 0, 1]])\n","\n","# Cria a matriz de rotação final\n","Rk_theta = np.dot(R1_0, np.dot(Rz, R0_1))\n","\n","# Print da matriz\n","print(\"Rk_theta: \", Rk_theta)"]},{"cell_type":"markdown","metadata":{"id":"rc7qLld6SX0m"},"source":["# Vetor rotacionado\n","Pergunta ao usuário o vetor que deseja rotacionar, aplica a rotação e exibe o valor final"]},{"cell_type":"code","execution_count":6,"metadata":{"id":"dnH9oTyHSX0n","outputId":"b7cf4f6d-2ff7-4db1-eb48-3fdc4795b5b6","colab":{"base_uri":"https://localhost:8080/"},"executionInfo":{"status":"ok","timestamp":1680135740751,"user_tz":180,"elapsed":5442,"user":{"displayName":"Allan Carlos Figueiredo Echeverria","userId":"00748726238866349396"}}},"outputs":[{"output_type":"stream","name":"stdout","text":["Digite o valor de x: 3\n","Digite o valor de y: 7\n","Digite o valor de z: 2\n","v_p_rot:  [1.113 4.577 6.309]\n"]}],"source":["# Pergunta as coordenadas do vetor\n","v_x = float(input(\"Digite o valor de x: \"))\n","v_y = float(input(\"Digite o valor de y: \"))\n","v_z = float(input(\"Digite o valor de z: \"))\n","\n","# Cria o vetor\n","v_p = np.array([v_x, v_y, v_z])\n","\n","# Cria o vetor rotacionado\n","v_p_rot = np.dot(Rk_theta, v_p)\n","\n","# Arreta o vetor rotacionado\n","v_p_rot = np.round(v_p_rot, 3)\n","\n","# Print do vetor rotacionado\n","print(\"v_p_rot: \", v_p_rot)"]}],"metadata":{"colab":{"provenance":[]},"gpuClass":"standard","kernelspec":{"display_name":"Python 3","name":"python3"},"language_info":{"codemirror_mode":{"name":"ipython","version":3},"file_extension":".py","mimetype":"text/x-python","name":"python","nbconvert_exporter":"python","pygments_lexer":"ipython3","version":"3.10.7"},"orig_nbformat":4},"nbformat":4,"nbformat_minor":0}